[ActorData]
Nombre = Big_Bear
Skin = 5
VirtualWorld = 0
Invulnerable = 1
Animacion = 7
PosX = 1290.185668
PosY = -1006.578674
PosZ = 30.829387
PosR = 175.261978
