[LideresData]
Faccion = LCN
Lider1 = Ivan_Rodriguez
Lider2 = John_Dillinger
ExteriorX = 1091.108398
ExteriorY = -2046.030761
ExteriorZ = 2079.132812
Fondos = 0
Materiales = 794
Paga = 10000
