[GarageData]
Tipo = 2
Nombre = Willowfield Garage
Dueño = Juan_Ruiz
ExteriorX = 1975.935058
ExteriorY = -1925.873046
ExteriorZ = 13.546875
ExteriorAngulo = 358.603515
InteriorX = 1346.708129
InteriorY = -1557.813110
InteriorZ = 10037.340820
InteriorAngulo = 179.907196
Interior = 0
Precio = 150000
Nivel = 2
Locked = 0
