[GarageData]
Tipo = 0
Nombre = 
Dueño = 
ExteriorX = 5051.863769
ExteriorY = -353.000885
ExteriorZ = 6.689687
ExteriorAngulo = 99.106834
InteriorX = 0.000000
InteriorY = 0.000000
InteriorZ = 0.000000
InteriorAngulo = 0.000000
Interior = 0
Precio = 0
Nivel = 0
Locked = 0
