[GarageData]
Tipo = 0
Nombre = 
Dueño = 
ExteriorX = 5055.611328
ExteriorY = -355.665191
ExteriorZ = 6.689687
ExteriorAngulo = 283.613952
InteriorX = 0.000000
InteriorY = 0.000000
InteriorZ = 0.000000
InteriorAngulo = 0.000000
Interior = 0
Precio = 0
Nivel = 0
Locked = 0
