[GarageData]
Tipo = 0
Nombre = 
Dueño = 
ExteriorX = 5055.702148
ExteriorY = -352.467346
ExteriorZ = 6.689687
ExteriorAngulo = 148.613952
InteriorX = 0.000000
InteriorY = 0.000000
InteriorZ = 0.000000
InteriorAngulo = 0.000000
Interior = 0
Precio = 0
Nivel = 0
Locked = 0
