[GarageData]
Tipo = 0
Nombre = 
Dueño = 
ExteriorX = 5055.845703
ExteriorY = -348.867828
ExteriorZ = 6.689687
ExteriorAngulo = 283.613952
InteriorX = 0.000000
InteriorY = 0.000000
InteriorZ = 0.000000
InteriorAngulo = 0.000000
Interior = 0
Precio = 0
Nivel = 0
Locked = 0
