[GarageData]
Tipo = 2
Nombre = Commerce
Dueño = Alexey_Kozlov
ExteriorX = 1702.746337
ExteriorY = -1473.461669
ExteriorZ = 13.546875
ExteriorAngulo = 271.328979
InteriorX = 2485.817871
InteriorY = -2561.540283
InteriorZ = 2501.085937
InteriorAngulo = 89.376838
Interior = 0
Precio = 1
Nivel = 1
Locked = 0
