[GarageData]
Tipo = 0
Nombre = 
Dueño = 
ExteriorX = 5054.416015
ExteriorY = -331.090850
ExteriorZ = 6.689687
ExteriorAngulo = 13.613915
InteriorX = 0.000000
InteriorY = 0.000000
InteriorZ = 0.000000
InteriorAngulo = 0.000000
Interior = 0
Precio = 0
Nivel = 0
Locked = 0
