[GarageData]
Tipo = 3
Nombre = Don Rodriguez
Dueño = Sin Dueño
ExteriorX = 1519.222656
ExteriorY = -694.484497
ExteriorZ = 94.750000
ExteriorAngulo = 271.072631
InteriorX = 1518.760864
InteriorY = -694.356872
InteriorZ = 94.750000
InteriorAngulo = 38.342102
Interior = 0
Precio = 10000
Nivel = 4
Locked = 1
