[GarageData]
Tipo = 0
Nombre = 
Dueño = 
ExteriorX = 5054.684082
ExteriorY = -329.504730
ExteriorZ = 6.689687
ExteriorAngulo = 59.120208
InteriorX = 0.000000
InteriorY = 0.000000
InteriorZ = 0.000000
InteriorAngulo = 0.000000
Interior = 0
Precio = 0
Nivel = 0
Locked = 0
