[GarageData]
Tipo = 0
Nombre = 
Dueño = 
ExteriorX = 5054.984375
ExteriorY = -311.348541
ExteriorZ = 6.689687
ExteriorAngulo = 14.746881
InteriorX = 0.000000
InteriorY = 0.000000
InteriorZ = 0.000000
InteriorAngulo = 0.000000
Interior = 0
Precio = 0
Nivel = 0
Locked = 0
