[GarageData]
Tipo = 0
Nombre = 
Dueño = 
ExteriorX = 5050.666015
ExteriorY = -312.895874
ExteriorZ = 6.689687
ExteriorAngulo = 239.746871
InteriorX = 0.000000
InteriorY = 0.000000
InteriorZ = 0.000000
InteriorAngulo = 0.000000
Interior = 0
Precio = 0
Nivel = 0
Locked = 0
