[GarageData]
Tipo = 0
Nombre = 
Dueño = 
ExteriorX = 5051.694335
ExteriorY = -306.114135
ExteriorZ = 6.689687
ExteriorAngulo = 329.746856
InteriorX = 0.000000
InteriorY = 0.000000
InteriorZ = 0.000000
InteriorAngulo = 0.000000
Interior = 0
Precio = 0
Nivel = 0
Locked = 0
