[GarageData]
Tipo = 0
Nombre = 
Dueño = 
ExteriorX = 5047.334960
ExteriorY = -306.269866
ExteriorZ = 6.689687
ExteriorAngulo = 149.746917
InteriorX = 0.000000
InteriorY = 0.000000
InteriorZ = 0.000000
InteriorAngulo = 0.000000
Interior = 0
Precio = 0
Nivel = 0
Locked = 0
