[GarageData]
Tipo = 0
Nombre = 
Dueño = 
ExteriorX = 5041.434082
ExteriorY = -321.315917
ExteriorZ = 6.689687
ExteriorAngulo = 149.746917
InteriorX = 0.000000
InteriorY = 0.000000
InteriorZ = 0.000000
InteriorAngulo = 0.000000
Interior = 0
Precio = 0
Nivel = 0
Locked = 0
