[GarageData]
Tipo = 0
Nombre = 
Dueño = 
ExteriorX = 5050.485839
ExteriorY = -336.980407
ExteriorZ = 6.689687
ExteriorAngulo = 144.106887
InteriorX = 0.000000
InteriorY = 0.000000
InteriorZ = 0.000000
InteriorAngulo = 0.000000
Interior = 0
Precio = 0
Nivel = 0
Locked = 0
