[GarageData]
Tipo = 0
Nombre = 
Dueño = 
ExteriorX = 5043.530273
ExteriorY = -329.774169
ExteriorZ = 6.689687
ExteriorAngulo = 24.966550
InteriorX = 0.000000
InteriorY = 0.000000
InteriorZ = 0.000000
InteriorAngulo = 0.000000
Interior = 0
Precio = 0
Nivel = 0
Locked = 0
