[GarageData]
Tipo = 0
Nombre = 
Dueño = 
ExteriorX = 5050.631347
ExteriorY = -340.683868
ExteriorZ = 6.689687
ExteriorAngulo = 144.106887
InteriorX = 0.000000
InteriorY = 0.000000
InteriorZ = 0.000000
InteriorAngulo = 0.000000
Interior = 0
Precio = 0
Nivel = 0
Locked = 0
