Text0 = ME
Font0 = Arial
FontSize0 = 200
FontBold0 = 1
FontColor0 = -16468988
PosX0 = 2033.30249023
PosY0 = -1762.08374023
PosZ0 = 15.29687881
RotX0 = 0.00000000
RotY0 = 0.00000000
RotZ0 = -179.60003662
VirtualWorld0 = 0
Interior0 = 0
Text1 = XI
Font1 = Arial
FontSize1 = 200
FontBold1 = 1
FontColor1 = -1
PosX1 = 2031.00878906
PosY1 = -1762.07238769
PosZ1 = 15.29731464
RotX1 = 0.00000000
RotY1 = -0.50000000
RotZ1 = 178.59997558
VirtualWorld1 = 0
Interior1 = 0
Text2 = CO
Font2 = Arial
FontSize2 = 200
FontBold2 = 1
FontColor2 = -65536
PosX2 = 2028.78283691
PosY2 = -1762.08117675
PosZ2 = 15.38688182
RotX2 = 0.00000000
RotY2 = 0.00000000
RotZ2 = 179.89988708
VirtualWorld2 = 0
Interior2 = 0
Text3 = KINGZ
Font3 = Arial
FontSize3 = 160
FontBold3 = 1
FontColor3 = -256
PosX3 = 2288.60864257
PosY3 = -1102.53393554
PosZ3 = 42.24752807
RotX3 = 0.00000000
RotY3 = 0.00000000
RotZ3 = -10.19999122
VirtualWorld3 = 0
Interior3 = 0
Text4 = Kingz
Font4 = Arial
FontSize4 = 100
FontBold4 = 1
FontColor4 = -256
PosX4 = 920.14019775
PosY4 = -1248.47937011
PosZ4 = 17.04406356
RotX4 = 0.00000000
RotY4 = 0.00000000
RotZ4 = -89.99996185
VirtualWorld4 = 0
Interior4 = 0
