Text0 = MECANICOS HIJUEPUTAS
Font0 = Arial
FontSize0 = 40
FontBold0 = 1
FontColor0 = -16468988
PosX0 = 1982.50451660
PosY0 = -1742.37036132
PosZ0 = 14.37687587
RotX0 = 0.00000000
RotY0 = 0.00000000
RotZ0 = 0.00000000
VirtualWorld0 = 0
Interior0 = 0
Text1 = OYARCE MANDA PERROS
Font1 = Arial
FontSize1 = 30
FontBold1 = 1
FontColor1 = -16468988
PosX1 = 1970.57177734
PosY1 = -1742.35534667
PosZ1 = 14.30687808
RotX1 = 0.00000000
RotY1 = 0.00000000
RotZ1 = 0.00000000
VirtualWorld1 = 0
Interior1 = 0
