Text0 = Groove Stree
Font0 = Arial
FontSize0 = 34
FontBold0 = 0
FontColor0 = -16468988
PosX0 = 2520.59277343
PosY0 = -1673.59033203
PosZ0 = 15.64162445
RotX0 = 0.00000000
RotY0 = 0.00000000
RotZ0 = -84.99995422
VirtualWorld0 = 0
Interior0 = 0
