Text0 = Ballaz domina aqui
Font0 = rial
FontSize0 = 30
FontBold0 = 0
FontColor0 = -65281
PosX0 = 1955.55664062
PosY0 = -1742.44226074
PosZ0 = 13.55229759
RotX0 = 0.00000000
RotY0 = 24.00000953
RotZ0 = 0.00000000
VirtualWorld0 = 0
Interior0 = 0
Text1 = RAFA PISO ESTO MMG!
Font1 = Arial
FontSize1 = 50
FontBold1 = 0
FontColor1 = -65281
PosX1 = 1970.61511230
PosY1 = -1742.39038085
PosZ1 = 14.06770515
RotX1 = 0.00000000
RotY1 = 32.89999389
RotZ1 = 0.00000000
VirtualWorld1 = 0
Interior1 = 0
Text2 = GROOVES
Font2 = Arial
FontSize2 = 50
FontBold2 = 0
FontColor2 = -65281
PosX2 = 1981.25048828
PosY2 = -1742.49072265
PosZ2 = 14.39688301
RotX2 = 0.00000000
RotY2 = 0.00000000
RotZ2 = 0.00000000
VirtualWorld2 = 0
Interior2 = 0
Text3 = Exemplo
Font3 = Arial
FontSize3 = 24
FontBold3 = 0
FontColor3 = -1
PosX3 = 0.00000000
PosY3 = 0.00000000
PosZ3 = 0.00000000
RotX3 = 0.00000000
RotY3 = 0.00000000
RotZ3 = 0.00000000
VirtualWorld3 = 0
Interior3 = 0
