Text0 = Grove Street
Font0 = Impact
FontSize0 = 50
FontBold0 = 0
FontColor0 = -16468988
PosX0 = 1955.60803222
PosY0 = -1742.35168457
PosZ0 = 13.54687500
RotX0 = 0.00000000
RotY0 = 0.00000000
RotZ0 = 0.00000000
VirtualWorld0 = 0
Interior0 = 0
Text1 = Grove Domina aquí
Font1 = Impact
FontSize1 = 50
FontBold1 = 1
FontColor1 = -16468988
PosX1 = 2426.40771484
PosY1 = -1669.28234863
PosZ1 = 15.05239105
RotX1 = 0.00000000
RotY1 = 0.00000000
RotZ1 = 177.09999084
VirtualWorld1 = 0
Interior1 = 0
Text2 = Grove Street te domina
Font2 = Impact
FontSize2 = 50
FontBold2 = 1
FontColor2 = -16468988
PosX2 = 1955.07641601
PosY2 = -1742.54772949
PosZ2 = 13.86687374
RotX2 = 2.60000014
RotY2 = 24.19999694
RotZ2 = -3.29999852
VirtualWorld2 = 0
Interior2 = 0
Text3 = Ahora Lil Big te piso 
Font3 = Impact
FontSize3 = 40
FontBold3 = 1
FontColor3 = -16468988
PosX3 = 1969.82226562
PosY3 = -1742.72265625
PosZ3 = 14.71781539
RotX3 = 0.00000000
RotY3 = 31.70000267
RotZ3 = -0.99999928
VirtualWorld3 = 0
Interior3 = 0
