[NegocioData]
Tipo = 1
Nombre = 24-7 Vinewood
Info = Bienvenido.
Dueño = Sin Dueño
Extortion = Nadie
ExteriorX = 1315.565673
ExteriorY = -897.684692
ExteriorZ = 39.578125
InteriorX = -25.976434
InteriorY = -188.258438
InteriorZ = 1003.546875
Interior = 17
MiscX = 0.000000
MiscY = 0.000000
MiscZ = 0.000000
MiscR = 0.000000
Ganancias = 0
Precio = 250000
Stock = 0
Locked = 0
Level = 5
