[NegocioData]
Tipo = 5
Nombre = Ammu-Nation
Info = Bienvenido.
Dueño = Sin Dueño
Extortion = Nadie
ExteriorX = 1368.860717
ExteriorY = -1279.819580
ExteriorZ = 13.546875
InteriorX = 315.713409
InteriorY = -143.662765
InteriorZ = 999.601562
Interior = 7
MiscX = 315.205596
MiscY = -142.358276
MiscZ = 1003.512512
MiscR = 0.785339
Ganancias = 0
Precio = 250000
Stock = -19
Locked = 0
Level = 5
