[NegocioData]
Tipo = 0
Nombre = Tienda Erotica
Info = Bienvenido.
Dueño = Sin Dueño
Extortion = Nadie
ExteriorX = 1940.005615
ExteriorY = -2116.004638
ExteriorZ = 13.695309
InteriorX = 1212.102783
InteriorY = -25.875825
InteriorZ = 1000.953125
Interior = 3
MiscX = 0.000000
MiscY = 0.000000
MiscZ = 0.000000
MiscR = 0.000000
Ganancias = 12401
Precio = 250000
Stock = -13
Locked = 0
Level = 5
