[NegocioData]
Tipo = 0
Nombre = Lavanderia 
Info = Bienvenido.
Dueño = Sin Dueño
Extortion = Nadie
ExteriorX = 1837.110595
ExteriorY = -1417.517089
ExteriorZ = 13.562500
InteriorX = 3932.516113
InteriorY = -827.284240
InteriorZ = 1874.015625
Interior = 0
MiscX = 0.000000
MiscY = 0.000000
MiscZ = 0.000000
MiscR = 0.000000
Ganancias = 0
Precio = 250000
Stock = 0
Locked = 0
Level = 5
