[NegocioData]
Tipo = 2
Nombre = Zip
Info = Bienvenido.
Dueño = Sin Dueño
Extortion = Nadie
ExteriorX = 1457.093750
ExteriorY = -1137.146484
ExteriorZ = 23.946712
InteriorX = 161.404663
InteriorY = -97.108535
InteriorZ = 1001.804687
Interior = 18
MiscX = 0.000000
MiscY = 0.000000
MiscZ = 0.000000
MiscR = 0.000000
Ganancias = 66726
Precio = 250000
Stock = -145
Locked = 0
Level = 5
