[NegocioData]
Tipo = 3
Nombre = Restaurante - Verona Beach
Info = Bienvenido.
Dueño = Sin Dueño
Extortion = Nadie
ExteriorX = 369.813934
ExteriorY = -1726.547851
ExteriorZ = 7.118853
InteriorX = 370.401489
InteriorY = -1721.155395
InteriorZ = 17.038511
Interior = 0
MiscX = 0.000000
MiscY = 0.000000
MiscZ = 0.000000
MiscR = 0.000000
Ganancias = 934
Precio = 250000
Stock = -2
Locked = 0
Level = 5
