[NegocioData]
Tipo = 5
Nombre = Ammunation - Little Mexico
Info = Bienvenido.
Dueño = Sin Dueño
Extortion = Nadie
ExteriorX = 1762.583984
ExteriorY = -1649.356201
ExteriorZ = 13.268750
InteriorX = 296.909332
InteriorY = -112.069717
InteriorZ = 1001.515625
Interior = 6
MiscX = 0.000000
MiscY = 0.000000
MiscZ = 0.000000
MiscR = 0.000000
Ganancias = 0
Precio = 250000
Stock = 0
Locked = 0
Level = 5
