[NegocioData]
Tipo = 1
Nombre = 24-7 Commerce
Info = Bienvenido.
Dueño = Juan Ruiz
Extortion = Nadie
ExteriorX = 1355.329345
ExteriorY = -1754.459960
ExteriorZ = 13.368741
InteriorX = -30.985197
InteriorY = -92.009925
InteriorZ = 1003.546875
Interior = 18
MiscX = 0.000000
MiscY = 0.000000
MiscZ = 0.000000
MiscR = 0.000000
Ganancias = 64175
Precio = 250000
Stock = -140
Locked = 0
Level = 5
