[NegocioData]
Tipo = 1
Nombre = 24-7 Unity
Info = Bienvenido a la Tienda Dillenger
Dueño = John Dillinger
Extortion = Nadie
ExteriorX = 1833.781982
ExteriorY = -1842.639160
ExteriorZ = 13.578125
InteriorX = 6.013047
InteriorY = -31.767366
InteriorZ = 1003.549438
Interior = 10
MiscX = -12.484127
MiscY = -30.693332
MiscZ = 1002.999450
MiscR = 86.657409
Ganancias = 13444
Precio = 250000
Stock = -343
Locked = 0
Level = 3
Vault = 0
