[NegocioData]
Tipo = 0
Nombre = Alahambra
Info = Bienvenido.
Dueño = Sin Dueño
Extortion = Nadie
ExteriorX = 1837.076293
ExteriorY = -1682.540039
ExteriorZ = 13.321278
InteriorX = 493.298522
InteriorY = -24.475606
InteriorZ = 1000.679687
Interior = 17
MiscX = 0.000000
MiscY = 0.000000
MiscZ = 0.000000
MiscR = 0.000000
Ganancias = 0
Precio = 250000
Stock = -1
Locked = 0
Level = 5
