[NegocioData]
Tipo = 0
Nombre = The Well Stacked Pizza & Co
Info = Bienvenido.
Dueño = Sin Dueño
Extortion = Nadie
ExteriorX = 2105.484619
ExteriorY = -1806.508666
ExteriorZ = 13.554682
InteriorX = 372.349212
InteriorY = -133.524719
InteriorZ = 1001.492187
Interior = 5
MiscX = 0.000000
MiscY = 0.000000
MiscZ = 0.000000
MiscR = 0.000000
Ganancias = 1494
Precio = 250000
Stock = -43
Locked = 0
Level = 5
