[NegocioData]
Tipo = 0
Nombre = Bar - Ten Green Bottles
Info = Bienvenido.
Dueño = Sin Dueño
Extortion = Nadie
ExteriorX = 2310.057128
ExteriorY = -1643.507446
ExteriorZ = 14.827047
InteriorX = 501.941833
InteriorY = -67.570747
InteriorZ = 998.757812
Interior = 11
MiscX = 0.000000
MiscY = 0.000000
MiscZ = 0.000000
MiscR = 0.000000
Ganancias = 0
Precio = 250000
Stock = -1
Locked = 0
Level = 5
