[NegocioData]
Tipo = 2
Nombre = Binco
Info = Bienvenido.
Dueño = Sin Dueño
Extortion = Nadie
ExteriorX = 2244.386230
ExteriorY = -1665.559082
ExteriorZ = 15.476552
InteriorX = 207.659866
InteriorY = -111.265876
InteriorZ = 1005.132812
Interior = 15
MiscX = 0.000000
MiscY = 0.000000
MiscZ = 0.000000
MiscR = 0.000000
Ganancias = 44759
Precio = 250000
Stock = -169
Locked = 0
Level = 5
