[NegocioData]
Tipo = 2
Nombre = Victim
Info = Bienvenido.
Dueño = Sin Dueño
Extortion = Nadie
ExteriorX = 461.424407
ExteriorY = -1500.799560
ExteriorZ = 31.060110
InteriorX = 227.350540
InteriorY = -8.271611
InteriorZ = 1002.210937
Interior = 5
MiscX = 0.000000
MiscY = 0.000000
MiscZ = 0.000000
MiscR = 0.000000
Ganancias = 29941
Precio = 250000
Stock = -49
Locked = 0
Level = 5
