[NegocioData]
Tipo = 0
Nombre = Prolaps
Info = Bienvenido.
Dueño = Sin Dueño
Extortion = Nadie
ExteriorX = 499.502960
ExteriorY = -1360.621826
ExteriorZ = 16.368974
InteriorX = 207.014938
InteriorY = -140.376205
InteriorZ = 1003.507812
Interior = 3
MiscX = 0.000000
MiscY = 0.000000
MiscZ = 0.000000
MiscR = 0.000000
Ganancias = 3314
Precio = 250000
Stock = -5
Locked = 0
Level = 5
